touch 1
00 00 00 00 00 00 00 00 11 11 11 11 11 11 11 11 00 00 00 00
00 00 00 00 00 00 00 00 11 11 11 11 11 11 11 11 00 00 00 00
c0 17 40 00
touch2
48 c7 c7 fa 97 b9 59 68 ec 17 40 00 c3 11 11 11 11 11 11 11
00 00 00 00 00 00 00 00 11 11 11 11 11 11 11 11 ec 17 40 00
78 dc 61 55
touch 3
00 00 00 00 00 00 00 00 00 48 c7 c7 a8 dc 61 55 
68 fa 18 40 00 c3 00 00 00 00 00 00 11 11 11 11 
11 11 11 11 ec 17 40 00 81 dc 61 55 00 00 00 00
35 39 62 39 39 37 66 61 00
touch 4
00 00 00 00 00 00 00 00 00 00 00 00 00 00 00 00
00 00 00 00 00 00 00 00 00 00 00 00 00 00 00 00
00 00 00 00 00 00 00 00
31 21 40 00 00 00 00 00
fa 97 b9 59 00 00 00 00
29 21 40 00 00 00 00 00
00 00 00 00 00 00 00 00
ec 17 40 00 00 00 00 00
touch 5
00 00 00 00 00 00 00 00 00 00 00 00 00 00 00 00
00 00 00 00 00 00 00 00 00 00 00 00 00 00 00 00
00 00 00 00 00 00 00 00
06 1a 40 00 00 00 00 00
a2 19 40 00 00 00 00 00
ab 19 40 00 00 00 00 00
48 00 00 00 00 00 00 00
dd 19 40 00 00 00 00 00
34 1a 40 00 00 00 00 00
13 1a 40 00 00 00 00 00
d6 19 40 00 00 00 00 00
a2 19 40 00 00 00 00 00
fa 18 40 00 00 00 00 00
35 39 62 39 39 37 66 61 
00 00 00 00 00 00 00 00


dd 19 40ax-dx
f7 19 40dx-cx?
13 1a 40cx->si
dx-cx?
ax-dx可
ax-di可 
di->不可